 ZESTAW nr   1
 Blad sredni jednostkowy =  .0915 mm/stanowisko,     kod:/.0865/  1/  2/   3
 Lp.   od    do   n    DHo(m)   V(mm)    DHw(m)    mDHw(mm)
 1     1     2   4    -.43174    -.17    -.43191     .15
 2     1     5   5     .68009     .21     .68030     .16
 3     2     3   4    -.57340    -.05    -.57345     .15
 4     2     4   7    -.05098    -.04    -.05102     .15
 5     2     5   7    1.11239    -.17    1.11222     .16
 6     3     4   6     .52242     .01     .52243     .15
 7     3     6   6    -.56917    -.09    -.56926     .17
 8     4     5   7    1.16336    -.13    1.16323     .17
 9     4     6   8   -1.09153    -.16   -1.09169     .16
10     4     7   6     .94027     .20     .94047     .17
11     6     7   6    2.03248    -.32    2.03216     .15
12     6     8   6    -.06197     .12    -.06185     .18
13     6     9   8    1.03334     .00    1.03334     .16
14     7     9   6    -.99871    -.11    -.99882     .17
15     8     9   5    1.09509     .10    1.09519     .17
                     Reper    H(m)   mH(mm)
                        1  10.50386   .163
                        2  10.07195   .121
                        3   9.49850   .119
                        4  10.02093   .102
                        5  11.18416   .149
                        6   8.92924   .110
                        7  10.96140   .133
                        8   8.86739   .171
                        9   9.96258   .152
           Macierz wariancyjno-kowariancyjna wyznaczanych wysokosci reperow
   .026481  .008875 -.000648 -.001143  .011262 -.008854 -.009490 -.013594 -.012890
   .008875  .014643  .003226  .000927  .006318 -.006019 -.006954 -.010830 -.010186
  -.000648  .003226  .014213  .001353 -.000836 -.001119 -.003798 -.006344 -.006046
  -.001143  .000927  .001353  .010325  .000923 -.001397 -.000470 -.005766 -.004753
   .011262  .006318 -.000836  .000923  .022096 -.007743 -.008007 -.012395 -.011618
  -.008854 -.006019 -.001119 -.001397 -.007743  .012095  .003190  .005390  .004456
  -.009490 -.006954 -.003798 -.000470 -.008007  .003190  .017717  .002053  .005759
  -.013594 -.010830 -.006344 -.005766 -.012395  .005390  .002053  .029366  .012119
  -.012890 -.010186 -.006046 -.004753 -.011618  .004456  .005759  .012119  .023158
   Lp    od     do    Hod(m)     Hdo(m)      DH(m)   mDH(mm)
    1      1      2   10.50386   10.07195    -.43191    .15
    2      1      3   10.50386    9.49850   -1.00536    .20
    3      1      4   10.50386   10.02093    -.48293    .20
    4      1      5   10.50386   11.18416     .68030    .16
    5      1      6   10.50386    8.92924   -1.57462    .24
    6      1      7   10.50386   10.96140     .45754    .25
    7      1      8   10.50386    8.86739   -1.63647    .29
    8      1      9   10.50386    9.96258    -.54128    .27
    9      2      3   10.07195    9.49850    -.57345    .15
   10      2      4   10.07195   10.02093    -.05102    .15
   11      2      5   10.07195   11.18416    1.11222    .16
   12      2      6   10.07195    8.92924   -1.14271    .20
   13      2      7   10.07195   10.96140     .88946    .22
   14      2      8   10.07195    8.86739   -1.20456    .26
   15      2      9   10.07195    9.96258    -.10937    .24
   16      3      4    9.49850   10.02093     .52243    .15
   17      3      5    9.49850   11.18416    1.68567    .19
   18      3      6    9.49850    8.92924    -.56926    .17
   19      3      7    9.49850   10.96140    1.46291    .20
   20      3      8    9.49850    8.86739    -.63111    .24
   21      3      9    9.49850    9.96258     .46408    .22
   22      4      5   10.02093   11.18416    1.16323    .17
   23      4      6   10.02093    8.92924   -1.09169    .16
   24      4      7   10.02093   10.96140     .94047    .17
   25      4      8   10.02093    8.86739   -1.15354    .23
   26      4      9   10.02093    9.96258    -.05835    .21
   27      5      6   11.18416    8.92924   -2.25492    .22
   28      5      7   11.18416   10.96140    -.22276    .24
   29      5      8   11.18416    8.86739   -2.31677    .28
   30      5      9   11.18416    9.96258   -1.22159    .26
   31      6      7    8.92924   10.96140    2.03216    .15
   32      6      8    8.92924    8.86739    -.06185    .18
   33      6      9    8.92924    9.96258    1.03334    .16
   34      7      8   10.96140    8.86739   -2.09401    .21
   35      7      9   10.96140    9.96258    -.99882    .17
   36      8      9    8.86739    9.96258    1.09519    .17

 ZESTAW nr   2
 Blad sredni jednostkowy =  .0921 mm/stanowisko,     kod:/.0955/  2/  3/   5
 Lp.   od    do   n    DHo(m)   V(mm)    DHw(m)    mDHw(mm)
 1     1     2   4    -.43159    -.10    -.43169     .15
 2     1     5   5     .68020     .12     .68032     .16
 3     2     3   4    -.57373     .16    -.57357     .15
 4     2     4   7    -.05117    -.08    -.05125     .15
 5     2     5   7    1.11237    -.36    1.11201     .16
 6     3     4   6     .52208     .24     .52232     .15
 7     3     6   6    -.56830    -.01    -.56831     .17
 8     4     5   7    1.16307     .19    1.16326     .18
 9     4     6   8   -1.09085     .21   -1.09064     .16
10     4     7   6     .94117    -.15     .94102     .17
11     6     7   6    2.03151     .15    2.03166     .15
12     6     8   6    -.06253     .03    -.06250     .18
13     6     9   8    1.03152    -.03    1.03149     .16
14     7     9   6   -1.00016     .00   -1.00016     .17
15     8     9   5    1.09397     .02    1.09399     .17
                     Reper    H(m)   mH(mm)
                        1  10.50369   .164
                        2  10.07200   .122
                        3   9.49843   .120
                        4  10.02075   .102
                        5  11.18401   .150
                        6   8.93012   .111
                        7  10.96177   .134
                        8   8.86761   .172
                        9   9.96161   .153
           Macierz wariancyjno-kowariancyjna wyznaczanych wysokosci reperow
   .026813  .008986 -.000656 -.001157  .011403 -.008964 -.009609 -.013764 -.013052
   .008986  .014827  .003266  .000939  .006397 -.006095 -.007041 -.010966 -.010313
  -.000656  .003266  .014391  .001370 -.000847 -.001133 -.003846 -.006424 -.006121
  -.001157  .000939  .001370  .010454  .000934 -.001415 -.000476 -.005838 -.004812
   .011403  .006397 -.000847  .000934  .022372 -.007840 -.008107 -.012550 -.011763
  -.008964 -.006095 -.001133 -.001415 -.007840  .012246  .003230  .005458  .004512
  -.009609 -.007041 -.003846 -.000476 -.008107  .003230  .017939  .002079  .005831
  -.013764 -.010966 -.006424 -.005838 -.012550  .005458  .002079  .029733  .012271
  -.013052 -.010313 -.006121 -.004812 -.011763  .004512  .005831  .012271  .023448
   Lp    od     do    Hod(m)     Hdo(m)      DH(m)   mDH(mm)
    1      1      2   10.50369   10.07200    -.43169    .15
    2      1      3   10.50369    9.49843   -1.00526    .21
    3      1      4   10.50369   10.02075    -.48294    .20
    4      1      5   10.50369   11.18401     .68032    .16
    5      1      6   10.50369    8.93012   -1.57357    .24
    6      1      7   10.50369   10.96177     .45808    .25
    7      1      8   10.50369    8.86761   -1.63608    .29
    8      1      9   10.50369    9.96161    -.54208    .28
    9      2      3   10.07200    9.49843    -.57357    .15
   10      2      4   10.07200   10.02075    -.05125    .15
   11      2      5   10.07200   11.18401    1.11201    .16
   12      2      6   10.07200    8.93012   -1.14189    .20
   13      2      7   10.07200   10.96177     .88977    .22
   14      2      8   10.07200    8.86761   -1.20439    .26
   15      2      9   10.07200    9.96161    -.11040    .24
   16      3      4    9.49843   10.02075     .52232    .15
   17      3      5    9.49843   11.18401    1.68558    .20
   18      3      6    9.49843    8.93012    -.56831    .17
   19      3      7    9.49843   10.96177    1.46334    .20
   20      3      8    9.49843    8.86761    -.63081    .24
   21      3      9    9.49843    9.96161     .46318    .22
   22      4      5   10.02075   11.18401    1.16326    .18
   23      4      6   10.02075    8.93012   -1.09064    .16
   24      4      7   10.02075   10.96177     .94102    .17
   25      4      8   10.02075    8.86761   -1.15314    .23
   26      4      9   10.02075    9.96161    -.05914    .21
   27      5      6   11.18401    8.93012   -2.25390    .22
   28      5      7   11.18401   10.96177    -.22224    .24
   29      5      8   11.18401    8.86761   -2.31640    .28
   30      5      9   11.18401    9.96161   -1.22241    .26
   31      6      7    8.93012   10.96177    2.03166    .15
   32      6      8    8.93012    8.86761    -.06250    .18
   33      6      9    8.93012    9.96161    1.03149    .16
   34      7      8   10.96177    8.86761   -2.09416    .21
   35      7      9   10.96177    9.96161   -1.00016    .17
   36      8      9    8.86761    9.96161    1.09399    .17

 ZESTAW nr   3
 Blad sredni jednostkowy =  .1161 mm/stanowisko,     kod:/.1207/  3/  4/   8
 Lp.   od    do   n    DHo(m)   V(mm)    DHw(m)    mDHw(mm)
 1     1     2   4    -.43085    -.02    -.43087     .19
 2     1     5   5     .68129     .03     .68132     .20
 3     2     3   4    -.57424     .10    -.57414     .19
 4     2     4   7    -.05053    -.25    -.05078     .19
 5     2     5   7    1.11215     .04    1.11219     .20
 6     3     4   6     .52331     .06     .52337     .19
 7     3     6   6    -.56890     .09    -.56881     .21
 8     4     5   7    1.16305    -.08    1.16297     .22
 9     4     6   8   -1.09159    -.59   -1.09218     .20
10     4     7   6     .93981     .36     .94017     .22
11     6     7   6    2.03264    -.30    2.03234     .19
12     6     8   6    -.06306    -.02    -.06308     .22
13     6     9   8    1.03306    -.05    1.03301     .21
14     7     9   6    -.99940     .06    -.99934     .22
15     8     9   5    1.09610    -.02    1.09608     .21
                     Reper    H(m)   mH(mm)
                        1  10.50325   .207
                        2  10.07238   .154
                        3   9.49824   .151
                        4  10.02160   .129
                        5  11.18457   .189
                        6   8.92942   .140
                        7  10.96177   .169
                        8   8.86634   .217
                        9   9.96243   .193
           Macierz wariancyjno-kowariancyjna wyznaczanych wysokosci reperow
   .042646  .014293 -.001043 -.001840  .018137 -.014258 -.015283 -.021891 -.020759
   .014293  .023582  .005194  .001493  .010175 -.009694 -.011199 -.017441 -.016404
  -.001043  .005194  .022888  .002179 -.001347 -.001801 -.006117 -.010217 -.009736
  -.001840  .001493  .002179  .016627  .001486 -.002250 -.000756 -.009285 -.007654
   .018137  .010175 -.001347  .001486  .035583 -.012469 -.012895 -.019960 -.018709
  -.014258 -.009694 -.001801 -.002250 -.012469  .019478  .005137  .008680  .007176
  -.015283 -.011199 -.006117 -.000756 -.012895  .005137  .028532  .003306  .009275
  -.021891 -.017441 -.010217 -.009285 -.019960  .008680  .003306  .047291  .019517
  -.020759 -.016404 -.009736 -.007654 -.018709  .007176  .009275  .019517  .037294
   Lp    od     do    Hod(m)     Hdo(m)      DH(m)   mDH(mm)
    1      1      2   10.50325   10.07238    -.43087    .19
    2      1      3   10.50325    9.49824   -1.00502    .26
    3      1      4   10.50325   10.02160    -.48165    .25
    4      1      5   10.50325   11.18457     .68132    .20
    5      1      6   10.50325    8.92942   -1.57383    .30
    6      1      7   10.50325   10.96177     .45851    .32
    7      1      8   10.50325    8.86634   -1.63691    .37
    8      1      9   10.50325    9.96243    -.54083    .35
    9      2      3   10.07238    9.49824    -.57414    .19
   10      2      4   10.07238   10.02160    -.05078    .19
   11      2      5   10.07238   11.18457    1.11219    .20
   12      2      6   10.07238    8.92942   -1.14296    .25
   13      2      7   10.07238   10.96177     .88939    .27
   14      2      8   10.07238    8.86634   -1.20604    .33
   15      2      9   10.07238    9.96243    -.10995    .31
   16      3      4    9.49824   10.02160     .52337    .19
   17      3      5    9.49824   11.18457    1.68634    .25
   18      3      6    9.49824    8.92942    -.56881    .21
   19      3      7    9.49824   10.96177    1.46353    .25
   20      3      8    9.49824    8.86634    -.63189    .30
   21      3      9    9.49824    9.96243     .46419    .28
   22      4      5   10.02160   11.18457    1.16297    .22
   23      4      6   10.02160    8.92942   -1.09218    .20
   24      4      7   10.02160   10.96177     .94017    .22
   25      4      8   10.02160    8.86634   -1.15526    .29
   26      4      9   10.02160    9.96243    -.05917    .26
   27      5      6   11.18457    8.92942   -2.25515    .28
   28      5      7   11.18457   10.96177    -.22280    .30
   29      5      8   11.18457    8.86634   -2.31823    .35
   30      5      9   11.18457    9.96243   -1.22214    .33
   31      6      7    8.92942   10.96177    2.03234    .19
   32      6      8    8.92942    8.86634    -.06308    .22
   33      6      9    8.92942    9.96243    1.03301    .21
   34      7      8   10.96177    8.86634   -2.09542    .26
   35      7      9   10.96177    9.96243    -.99934    .22
   36      8      9    8.86634    9.96243    1.09608    .21

 ZESTAW nr   4
 Blad sredni jednostkowy =  .0889 mm/stanowisko,     kod:/.0830/  4/  5/   9
 Lp.   od    do   n    DHo(m)   V(mm)    DHw(m)    mDHw(mm)
 1     1     2   4    -.43155     .05    -.43150     .15
 2     1     5   5     .68204    -.07     .68197     .16
 3     2     3   4    -.57316    -.09    -.57325     .15
 4     2     4   7    -.04998    -.02    -.05000     .15
 5     2     5   7    1.11321     .26    1.11347     .15
 6     3     4   6     .52354    -.29     .52325     .14
 7     3     6   6    -.56785     .16    -.56769     .16
 8     4     5   7    1.16364    -.17    1.16347     .17
 9     4     6   8   -1.09094     .00   -1.09094     .15
10     4     7   6     .94041    -.16     .94025     .17
11     6     7   6    2.03125    -.06    2.03119     .15
12     6     8   6    -.06169     .05    -.06164     .17
13     6     9   8    1.03190     .23    1.03213     .16
14     7     9   6    -.99885    -.22    -.99907     .17
15     8     9   5    1.09373     .04    1.09377     .16
                     Reper    H(m)   mH(mm)
                        1  10.50265   .158
                        2  10.07115   .118
                        3   9.49790   .116
                        4  10.02115   .099
                        5  11.18462   .144
                        6   8.93021   .107
                        7  10.96140   .129
                        8   8.86857   .166
                        9   9.96234   .148
           Macierz wariancyjno-kowariancyjna wyznaczanych wysokosci reperow
   .024977  .008371 -.000611 -.001078  .010622 -.008351 -.008951 -.012821 -.012158
   .008371  .013812  .003042  .000875  .005959 -.005677 -.006559 -.010215 -.009607
  -.000611  .003042  .013405  .001276 -.000789 -.001055 -.003583 -.005984 -.005702
  -.001078  .000875  .001276  .009738  .000870 -.001318 -.000443 -.005438 -.004483
   .010622  .005959 -.000789  .000870  .020840 -.007303 -.007552 -.011690 -.010958
  -.008351 -.005677 -.001055 -.001318 -.007303  .011408  .003009  .005084  .004203
  -.008951 -.006559 -.003583 -.000443 -.007552  .003009  .016711  .001937  .005432
  -.012821 -.010215 -.005984 -.005438 -.011690  .005084  .001937  .027698  .011431
  -.012158 -.009607 -.005702 -.004483 -.010958  .004203  .005432  .011431  .021842
   Lp    od     do    Hod(m)     Hdo(m)      DH(m)   mDH(mm)
    1      1      2   10.50265   10.07115    -.43150    .15
    2      1      3   10.50265    9.49790   -1.00474    .20
    3      1      4   10.50265   10.02115    -.48150    .19
    4      1      5   10.50265   11.18462     .68197    .16
    5      1      6   10.50265    8.93021   -1.57244    .23
    6      1      7   10.50265   10.96140     .45876    .24
    7      1      8   10.50265    8.86857   -1.63408    .28
    8      1      9   10.50265    9.96234    -.54031    .27
    9      2      3   10.07115    9.49790    -.57325    .15
   10      2      4   10.07115   10.02115    -.05000    .15
   11      2      5   10.07115   11.18462    1.11347    .15
   12      2      6   10.07115    8.93021   -1.14094    .19
   13      2      7   10.07115   10.96140     .89025    .21
   14      2      8   10.07115    8.86857   -1.20258    .25
   15      2      9   10.07115    9.96234    -.10881    .23
   16      3      4    9.49790   10.02115     .52325    .14
   17      3      5    9.49790   11.18462    1.68672    .19
   18      3      6    9.49790    8.93021    -.56769    .16
   19      3      7    9.49790   10.96140    1.46350    .19
   20      3      8    9.49790    8.86857    -.62933    .23
   21      3      9    9.49790    9.96234     .46444    .22
   22      4      5   10.02115   11.18462    1.16347    .17
   23      4      6   10.02115    8.93021   -1.09094    .15
   24      4      7   10.02115   10.96140     .94025    .17
   25      4      8   10.02115    8.86857   -1.15258    .22
   26      4      9   10.02115    9.96234    -.05881    .20
   27      5      6   11.18462    8.93021   -2.25441    .22
   28      5      7   11.18462   10.96140    -.22322    .23
   29      5      8   11.18462    8.86857   -2.31605    .27
   30      5      9   11.18462    9.96234   -1.22228    .25
   31      6      7    8.93021   10.96140    2.03119    .15
   32      6      8    8.93021    8.86857    -.06164    .17
   33      6      9    8.93021    9.96234    1.03213    .16
   34      7      8   10.96140    8.86857   -2.09284    .20
   35      7      9   10.96140    9.96234    -.99907    .17
   36      8      9    8.86857    9.96234    1.09377    .16

 ZESTAW nr   5
 Blad sredni jednostkowy =  .0963 mm/stanowisko,     kod:/.0792/  5/  6/  10
 Lp.   od    do   n    DHo(m)   V(mm)    DHw(m)    mDHw(mm)
 1     1     2   4    -.43174     .10    -.43164     .16
 2     1     5   5     .68236    -.13     .68223     .17
 3     2     3   4    -.57245     .11    -.57234     .16
 4     2     4   7    -.04971     .03    -.04968     .16
 5     2     5   7    1.11392    -.05    1.11387     .16
 6     3     4   6     .52228     .38     .52266     .16
 7     3     6   6    -.56853    -.22    -.56875     .18
 8     4     5   7    1.16333     .22    1.16355     .18
 9     4     6   8   -1.09142     .01   -1.09141     .17
10     4     7   6     .94110     .21     .94131     .18
11     6     7   6    2.03295    -.23    2.03272     .16
12     6     8   6    -.06258    -.01    -.06259     .18
13     6     9   8    1.03426     .04    1.03430     .17
14     7     9   6    -.99840    -.02    -.99842     .18
15     8     9   5    1.09690    -.01    1.09689     .18
                     Reper    H(m)   mH(mm)
                        1  10.50235   .171
                        2  10.07071   .127
                        3   9.49837   .125
                        4  10.02104   .107
                        5  11.18459   .156
                        6   8.92963   .116
                        7  10.96235   .140
                        8   8.86704   .180
                        9   9.96393   .160
           Macierz wariancyjno-kowariancyjna wyznaczanych wysokosci reperow
   .029318  .009826 -.000717 -.001265  .012468 -.009802 -.010507 -.015050 -.014271
   .009826  .016212  .003571  .001027  .006995 -.006664 -.007699 -.011990 -.011277
  -.000717  .003571  .015735  .001498 -.000926 -.001238 -.004205 -.007024 -.006693
  -.001265  .001027  .001498  .011431  .001022 -.001547 -.000520 -.006383 -.005262
   .012468  .006995 -.000926  .001022  .024462 -.008572 -.008865 -.013722 -.012862
  -.009802 -.006664 -.001238 -.001547 -.008572  .013391  .003532  .005968  .004933
  -.010507 -.007699 -.004205 -.000520 -.008865  .003532  .019615  .002273  .006376
  -.015050 -.011990 -.007024 -.006383 -.013722  .005968  .002273  .032511  .013417
  -.014271 -.011277 -.006693 -.005262 -.012862  .004933  .006376  .013417  .025639
   Lp    od     do    Hod(m)     Hdo(m)      DH(m)   mDH(mm)
    1      1      2   10.50235   10.07071    -.43164    .16
    2      1      3   10.50235    9.49837   -1.00398    .22
    3      1      4   10.50235   10.02104    -.48132    .21
    4      1      5   10.50235   11.18459     .68223    .17
    5      1      6   10.50235    8.92963   -1.57273    .25
    6      1      7   10.50235   10.96235     .45999    .26
    7      1      8   10.50235    8.86704   -1.63532    .30
    8      1      9   10.50235    9.96393    -.53843    .29
    9      2      3   10.07071    9.49837    -.57234    .16
   10      2      4   10.07071   10.02104    -.04968    .16
   11      2      5   10.07071   11.18459    1.11387    .16
   12      2      6   10.07071    8.92963   -1.14109    .21
   13      2      7   10.07071   10.96235     .89163    .23
   14      2      8   10.07071    8.86704   -1.20368    .27
   15      2      9   10.07071    9.96393    -.10679    .25
   16      3      4    9.49837   10.02104     .52266    .16
   17      3      5    9.49837   11.18459    1.68621    .21
   18      3      6    9.49837    8.92963    -.56875    .18
   19      3      7    9.49837   10.96235    1.46397    .21
   20      3      8    9.49837    8.86704    -.63134    .25
   21      3      9    9.49837    9.96393     .46555    .23
   22      4      5   10.02104   11.18459    1.16355    .18
   23      4      6   10.02104    8.92963   -1.09141    .17
   24      4      7   10.02104   10.96235     .94131    .18
   25      4      8   10.02104    8.86704   -1.15400    .24
   26      4      9   10.02104    9.96393    -.05711    .22
   27      5      6   11.18459    8.92963   -2.25496    .23
   28      5      7   11.18459   10.96235    -.22224    .25
   29      5      8   11.18459    8.86704   -2.31755    .29
   30      5      9   11.18459    9.96393   -1.22066    .28
   31      6      7    8.92963   10.96235    2.03272    .16
   32      6      8    8.92963    8.86704    -.06259    .18
   33      6      9    8.92963    9.96393    1.03430    .17
   34      7      8   10.96235    8.86704   -2.09531    .22
   35      7      9   10.96235    9.96393    -.99842    .18
   36      8      9    8.86704    9.96393    1.09689    .18

 ZESTAW nr   6
 Blad sredni jednostkowy =  .0977 mm/stanowisko,     kod:/.0946/  6/  7/  11
 Lp.   od    do   n    DHo(m)   V(mm)    DHw(m)    mDHw(mm)
 1     1     2   4    -.43072     .15    -.43057     .16
 2     1     5   5     .68189    -.19     .68170     .17
 3     2     3   4    -.57369     .25    -.57344     .16
 4     2     4   7    -.05004    -.32    -.05036     .16
 5     2     5   7    1.11212     .15    1.11227     .17
 6     3     4   6     .52283     .25     .52308     .16
 7     3     6   6    -.56927     .12    -.56915     .18
 8     4     5   7    1.16251     .12    1.16263     .19
 9     4     6   8   -1.09205    -.18   -1.09223     .17
10     4     7   6     .94039     .01     .94040     .18
11     6     7   6    2.03259     .03    2.03262     .16
12     6     8   6    -.06125    -.06    -.06131     .19
13     6     9   8    1.03383     .02    1.03385     .17
14     7     9   6    -.99881     .04    -.99877     .18
15     8     9   5    1.09521    -.05    1.09516     .18
                     Reper    H(m)   mH(mm)
                        1  10.50236   .174
                        2  10.07179   .129
                        3   9.49835   .127
                        4  10.02143   .108
                        5  11.18406   .159
                        6   8.92921   .117
                        7  10.96183   .142
                        8   8.86790   .183
                        9   9.96306   .162
           Macierz wariancyjno-kowariancyjna wyznaczanych wysokosci reperow
   .030162  .010109 -.000738 -.001302  .012828 -.010084 -.010809 -.015483 -.014682
   .010109  .016679  .003674  .001056  .007196 -.006856 -.007921 -.012336 -.011602
  -.000738  .003674  .016188  .001541 -.000953 -.001274 -.004326 -.007226 -.006886
  -.001302  .001056  .001541  .011760  .001051 -.001591 -.000535 -.006567 -.005413
   .012828  .007196 -.000953  .001051  .025167 -.008819 -.009120 -.014117 -.013233
  -.010084 -.006856 -.001274 -.001591 -.008819  .013776  .003633  .006139  .005076
  -.010809 -.007921 -.004326 -.000535 -.009120  .003633  .020180  .002339  .006560
  -.015483 -.012336 -.007226 -.006567 -.014117  .006139  .002339  .033448  .013804
  -.014682 -.011602 -.006886 -.005413 -.013233  .005076  .006560  .013804  .026377
   Lp    od     do    Hod(m)     Hdo(m)      DH(m)   mDH(mm)
    1      1      2   10.50236   10.07179    -.43057    .16
    2      1      3   10.50236    9.49835   -1.00401    .22
    3      1      4   10.50236   10.02143    -.48093    .21
    4      1      5   10.50236   11.18406     .68170    .17
    5      1      6   10.50236    8.92921   -1.57315    .25
    6      1      7   10.50236   10.96183     .45947    .27
    7      1      8   10.50236    8.86790   -1.63446    .31
    8      1      9   10.50236    9.96306    -.53930    .29
    9      2      3   10.07179    9.49835    -.57344    .16
   10      2      4   10.07179   10.02143    -.05036    .16
   11      2      5   10.07179   11.18406    1.11227    .17
   12      2      6   10.07179    8.92921   -1.14259    .21
   13      2      7   10.07179   10.96183     .89004    .23
   14      2      8   10.07179    8.86790   -1.20389    .27
   15      2      9   10.07179    9.96306    -.10873    .26
   16      3      4    9.49835   10.02143     .52308    .16
   17      3      5    9.49835   11.18406    1.68571    .21
   18      3      6    9.49835    8.92921    -.56915    .18
   19      3      7    9.49835   10.96183    1.46348    .21
   20      3      8    9.49835    8.86790    -.63045    .25
   21      3      9    9.49835    9.96306     .46471    .24
   22      4      5   10.02143   11.18406    1.16263    .19
   23      4      6   10.02143    8.92921   -1.09223    .17
   24      4      7   10.02143   10.96183     .94040    .18
   25      4      8   10.02143    8.86790   -1.15353    .24
   26      4      9   10.02143    9.96306    -.05837    .22
   27      5      6   11.18406    8.92921   -2.25485    .24
   28      5      7   11.18406   10.96183    -.22223    .25
   29      5      8   11.18406    8.86790   -2.31616    .29
   30      5      9   11.18406    9.96306   -1.22100    .28
   31      6      7    8.92921   10.96183    2.03262    .16
   32      6      8    8.92921    8.86790    -.06131    .19
   33      6      9    8.92921    9.96306    1.03385    .17
   34      7      8   10.96183    8.86790   -2.09393    .22
   35      7      9   10.96183    9.96306    -.99877    .18
   36      8      9    8.86790    9.96306    1.09516    .18

 ZESTAW nr   7
 Blad sredni jednostkowy =  .1178 mm/stanowisko,     kod:/.1238/  7/  8/  12
 Lp.   od    do   n    DHo(m)   V(mm)    DHw(m)    mDHw(mm)
 1     1     2   4    -.43118     .12    -.43106     .20
 2     1     5   5     .68200    -.15     .68185     .21
 3     2     3   4    -.57351     .11    -.57340     .19
 4     2     4   7    -.05125     .14    -.05111     .20
 5     2     5   7    1.11305    -.14    1.11291     .20
 6     3     4   6     .52219     .10     .52229     .19
 7     3     6   6    -.56886     .07    -.56879     .22
 8     4     5   7    1.16368     .34    1.16402     .23
 9     4     6   8   -1.09146     .38   -1.09108     .20
10     4     7   6     .94223    -.35     .94188     .22
11     6     7   6    2.03288     .08    2.03296     .20
12     6     8   6    -.06110     .12    -.06098     .23
13     6     9   8    1.03287     .20    1.03307     .21
14     7     9   6    -.99962    -.27    -.99989     .22
15     8     9   5    1.09394     .10    1.09404     .22
                     Reper    H(m)   mH(mm)
                        1  10.50264   .210
                        2  10.07158   .156
                        3   9.49818   .153
                        4  10.02047   .131
                        5  11.18450   .191
                        6   8.92939   .142
                        7  10.96235   .171
                        8   8.86842   .221
                        9   9.96246   .196
           Macierz wariancyjno-kowariancyjna wyznaczanych wysokosci reperow
   .043901  .014713 -.001074 -.001895  .018670 -.014677 -.015733 -.022536 -.021370
   .014713  .024276  .005347  .001537  .010474 -.009979 -.011528 -.017954 -.016886
  -.001074  .005347  .023562  .002243 -.001386 -.001854 -.006297 -.010517 -.010022
  -.001895  .001537  .002243  .017117  .001530 -.002316 -.000779 -.009558 -.007879
   .018670  .010474 -.001386  .001530  .036630 -.012836 -.013274 -.020548 -.019260
  -.014677 -.009979 -.001854 -.002316 -.012836  .020051  .005288  .008936  .007387
  -.015733 -.011528 -.006297 -.000779 -.013274  .005288  .029372  .003404  .009548
  -.022536 -.017954 -.010517 -.009558 -.020548  .008936  .003404  .048683  .020091
  -.021370 -.016886 -.010022 -.007879 -.019260  .007387  .009548  .020091  .038392
   Lp    od     do    Hod(m)     Hdo(m)      DH(m)   mDH(mm)
    1      1      2   10.50264   10.07158    -.43106    .20
    2      1      3   10.50264    9.49818   -1.00446    .26
    3      1      4   10.50264   10.02047    -.48217    .25
    4      1      5   10.50264   11.18450     .68185    .21
    5      1      6   10.50264    8.92939   -1.57325    .31
    6      1      7   10.50264   10.96235     .45971    .32
    7      1      8   10.50264    8.86842   -1.63423    .37
    8      1      9   10.50264    9.96246    -.54018    .35
    9      2      3   10.07158    9.49818    -.57340    .19
   10      2      4   10.07158   10.02047    -.05111    .20
   11      2      5   10.07158   11.18450    1.11291    .20
   12      2      6   10.07158    8.92939   -1.14219    .25
   13      2      7   10.07158   10.96235     .89077    .28
   14      2      8   10.07158    8.86842   -1.20316    .33
   15      2      9   10.07158    9.96246    -.10912    .31
   16      3      4    9.49818   10.02047     .52229    .19
   17      3      5    9.49818   11.18450    1.68631    .25
   18      3      6    9.49818    8.92939    -.56879    .22
   19      3      7    9.49818   10.96235    1.46417    .26
   20      3      8    9.49818    8.86842    -.62977    .31
   21      3      9    9.49818    9.96246     .46428    .29
   22      4      5   10.02047   11.18450    1.16402    .23
   23      4      6   10.02047    8.92939   -1.09108    .20
   24      4      7   10.02047   10.96235     .94188    .22
   25      4      8   10.02047    8.86842   -1.15206    .29
   26      4      9   10.02047    9.96246    -.05801    .27
   27      5      6   11.18450    8.92939   -2.25510    .29
   28      5      7   11.18450   10.96235    -.22214    .30
   29      5      8   11.18450    8.86842   -2.31608    .36
   30      5      9   11.18450    9.96246   -1.22204    .34
   31      6      7    8.92939   10.96235    2.03296    .20
   32      6      8    8.92939    8.86842    -.06098    .23
   33      6      9    8.92939    9.96246    1.03307    .21
   34      7      8   10.96235    8.86842   -2.09394    .27
   35      7      9   10.96235    9.96246    -.99989    .22
   36      8      9    8.86842    9.96246    1.09404    .22

 ZESTAW nr   8
 Blad sredni jednostkowy =  .0898 mm/stanowisko,     kod:/.0847/  8/  9/  13
 Lp.   od    do   n    DHo(m)   V(mm)    DHw(m)    mDHw(mm)
 1     1     2   4    -.43159    -.05    -.43164     .15
 2     1     5   5     .68145     .06     .68151     .16
 3     2     3   4    -.57214     .06    -.57208     .15
 4     2     4   7    -.05079    -.07    -.05086     .15
 5     2     5   7    1.11326    -.12    1.11314     .15
 6     3     4   6     .52091     .30     .52121     .14
 7     3     6   6    -.56910    -.21    -.56931     .17
 8     4     5   7    1.16397     .04    1.16401     .17
 9     4     6   8   -1.09041    -.12   -1.09053     .16
10     4     7   6     .94116     .30     .94146     .17
11     6     7   6    2.03214    -.16    2.03198     .15
12     6     8   6    -.06165    -.12    -.06177     .17
13     6     9   8    1.03269    -.02    1.03267     .16
14     7     9   6    -.99945     .14    -.99931     .17
15     8     9   5    1.09455    -.10    1.09445     .17
                     Reper    H(m)   mH(mm)
                        1  10.50284   .160
                        2  10.07120   .119
                        3   9.49913   .117
                        4  10.02034   .100
                        5  11.18435   .146
                        6   8.92982   .108
                        7  10.96180   .131
                        8   8.86804   .168
                        9   9.96249   .149
           Macierz wariancyjno-kowariancyjna wyznaczanych wysokosci reperow
   .025493  .008544 -.000624 -.001100  .010842 -.008523 -.009136 -.013086 -.012409
   .008544  .014097  .003105  .000893  .006082 -.005795 -.006694 -.010426 -.009806
  -.000624  .003105  .013682  .001302 -.000805 -.001077 -.003657 -.006107 -.005820
  -.001100  .000893  .001302  .009940  .000888 -.001345 -.000452 -.005550 -.004575
   .010842  .006082 -.000805  .000888  .021271 -.007454 -.007708 -.011932 -.011184
  -.008523 -.005795 -.001077 -.001345 -.007454  .011644  .003071  .005189  .004290
  -.009136 -.006694 -.003657 -.000452 -.007708  .003071  .017056  .001977  .005544
  -.013086 -.010426 -.006107 -.005550 -.011932  .005189  .001977  .028270  .011667
  -.012409 -.009806 -.005820 -.004575 -.011184  .004290  .005544  .011667  .022294
   Lp    od     do    Hod(m)     Hdo(m)      DH(m)   mDH(mm)
    1      1      2   10.50284   10.07120    -.43164    .15
    2      1      3   10.50284    9.49913   -1.00371    .20
    3      1      4   10.50284   10.02034    -.48250    .19
    4      1      5   10.50284   11.18435     .68151    .16
    5      1      6   10.50284    8.92982   -1.57302    .23
    6      1      7   10.50284   10.96180     .45896    .25
    7      1      8   10.50284    8.86804   -1.63480    .28
    8      1      9   10.50284    9.96249    -.54035    .27
    9      2      3   10.07120    9.49913    -.57208    .15
   10      2      4   10.07120   10.02034    -.05086    .15
   11      2      5   10.07120   11.18435    1.11314    .15
   12      2      6   10.07120    8.92982   -1.14139    .19
   13      2      7   10.07120   10.96180     .89059    .21
   14      2      8   10.07120    8.86804   -1.20316    .25
   15      2      9   10.07120    9.96249    -.10872    .24
   16      3      4    9.49913   10.02034     .52121    .14
   17      3      5    9.49913   11.18435    1.68522    .19
   18      3      6    9.49913    8.92982    -.56931    .17
   19      3      7    9.49913   10.96180    1.46267    .20
   20      3      8    9.49913    8.86804    -.63109    .23
   21      3      9    9.49913    9.96249     .46336    .22
   22      4      5   10.02034   11.18435    1.16401    .17
   23      4      6   10.02034    8.92982   -1.09053    .16
   24      4      7   10.02034   10.96180     .94146    .17
   25      4      8   10.02034    8.86804   -1.15230    .22
   26      4      9   10.02034    9.96249    -.05785    .20
   27      5      6   11.18435    8.92982   -2.25453    .22
   28      5      7   11.18435   10.96180    -.22255    .23
   29      5      8   11.18435    8.86804   -2.31631    .27
   30      5      9   11.18435    9.96249   -1.22186    .26
   31      6      7    8.92982   10.96180    2.03198    .15
   32      6      8    8.92982    8.86804    -.06177    .17
   33      6      9    8.92982    9.96249    1.03267    .16
   34      7      8   10.96180    8.86804   -2.09376    .20
   35      7      9   10.96180    9.96249    -.99931    .17
   36      8      9    8.86804    9.96249    1.09445    .17

 ZESTAW nr   9
 Blad sredni jednostkowy =  .1147 mm/stanowisko,     kod:/.1175/  9/ 12/  16
 Lp.   od    do   n    DHo(m)   V(mm)    DHw(m)    mDHw(mm)
 1     1     2   4    -.43068    -.17    -.43085     .19
 2     1     5   5     .68138     .21     .68159     .20
 3     2     3   4    -.57400     .09    -.57391     .19
 4     2     4   7    -.05117    -.07    -.05124     .19
 5     2     5   7    1.11281    -.37    1.11244     .19
 6     3     4   6     .52233     .35     .52268     .19
 7     3     6   6    -.56818    -.22    -.56840     .21
 8     4     5   7    1.16359     .08    1.16367     .22
 9     4     6   8   -1.09139     .32   -1.09107     .20
10     4     7   6     .94148    -.02     .94146     .21
11     6     7   6    2.03259    -.06    2.03253     .19
12     6     8   6    -.06318     .17    -.06301     .22
13     6     9   8    1.03306    -.13    1.03293     .20
14     7     9   6    -.99952    -.08    -.99960     .21
15     8     9   5    1.09580     .14    1.09594     .21
                     Reper    H(m)   mH(mm)
                        1  10.50292   .204
                        2  10.07207   .152
                        3   9.49816   .149
                        4  10.02083   .127
                        5  11.18451   .186
                        6   8.92976   .138
                        7  10.96229   .167
                        8   8.86675   .215
                        9   9.96270   .191
           Macierz wariancyjno-kowariancyjna wyznaczanych wysokosci reperow
   .041627  .013951 -.001018 -.001796  .017703 -.013917 -.014918 -.021368 -.020263
   .013951  .023018  .005070  .001458  .009931 -.009462 -.010931 -.017024 -.016012
  -.001018  .005070  .022341  .002126 -.001315 -.001758 -.005971 -.009973 -.009503
  -.001796  .001458  .002126  .016230  .001451 -.002196 -.000738 -.009063 -.007471
   .017703  .009931 -.001315  .001451  .034733 -.012171 -.012587 -.019483 -.018262
  -.013917 -.009462 -.001758 -.002196 -.012171  .019013  .005014  .008473  .007005
  -.014918 -.010931 -.005971 -.000738 -.012587  .005014  .027850  .003227  .009053
  -.021368 -.017024 -.009973 -.009063 -.019483  .008473  .003227  .046161  .019050
  -.020263 -.016012 -.009503 -.007471 -.018262  .007005  .009053  .019050  .036403
   Lp    od     do    Hod(m)     Hdo(m)      DH(m)   mDH(mm)
    1      1      2   10.50292   10.07207    -.43085    .19
    2      1      3   10.50292    9.49816   -1.00476    .26
    3      1      4   10.50292   10.02083    -.48208    .25
    4      1      5   10.50292   11.18451     .68159    .20
    5      1      6   10.50292    8.92976   -1.57316    .30
    6      1      7   10.50292   10.96229     .45937    .32
    7      1      8   10.50292    8.86675   -1.63617    .36
    8      1      9   10.50292    9.96270    -.54022    .34
    9      2      3   10.07207    9.49816    -.57391    .19
   10      2      4   10.07207   10.02083    -.05124    .19
   11      2      5   10.07207   11.18451    1.11244    .19
   12      2      6   10.07207    8.92976   -1.14231    .25
   13      2      7   10.07207   10.96229     .89022    .27
   14      2      8   10.07207    8.86675   -1.20532    .32
   15      2      9   10.07207    9.96270    -.10938    .30
   16      3      4    9.49816   10.02083     .52268    .19
   17      3      5    9.49816   11.18451    1.68635    .24
   18      3      6    9.49816    8.92976    -.56840    .21
   19      3      7    9.49816   10.96229    1.46414    .25
   20      3      8    9.49816    8.86675    -.63141    .30
   21      3      9    9.49816    9.96270     .46454    .28
   22      4      5   10.02083   11.18451    1.16367    .22
   23      4      6   10.02083    8.92976   -1.09107    .20
   24      4      7   10.02083   10.96229     .94146    .21
   25      4      8   10.02083    8.86675   -1.15408    .28
   26      4      9   10.02083    9.96270    -.05814    .26
   27      5      6   11.18451    8.92976   -2.25475    .28
   28      5      7   11.18451   10.96229    -.22221    .30
   29      5      8   11.18451    8.86675   -2.31775    .35
   30      5      9   11.18451    9.96270   -1.22181    .33
